TABLE NO.  1
 ID          TIME        EVID        AMT         RATE        DV          MDV         ETA1        ERR1
  1.0000E+00  0.0000E+00  1.0000E+00  1.0000E+02  0.0000E+00  0.0000E+00  1.0000E+00  3.9117E-01  1.3605E-01
  1.0000E+00  1.0000E-02  0.0000E+00  0.0000E+00  0.0000E+00  3.0816E+01  0.0000E+00  3.9117E-01 -9.0005E-01
  1.0000E+00  3.0000E+00  0.0000E+00  0.0000E+00  0.0000E+00  2.4552E+01  0.0000E+00  3.9117E-01  5.9841E-01
  1.0000E+00  6.0000E+00  0.0000E+00  0.0000E+00  0.0000E+00  1.7925E+01  0.0000E+00  3.9117E-01 -1.4809E-01
  1.0000E+00  1.2000E+01  0.0000E+00  0.0000E+00  0.0000E+00  1.0110E+01  0.0000E+00  3.9117E-01 -1.8005E-01
  1.0000E+00  2.4000E+01  0.0000E+00  0.0000E+00  0.0000E+00  3.5975E+00  0.0000E+00  3.9117E-01  2.6242E-01
  2.0000E+00  0.0000E+00  1.0000E+00  1.0000E+02  0.0000E+00  0.0000E+00  1.0000E+00  1.2054E-01 -3.7607E-02
  2.0000E+00  1.0000E-02  0.0000E+00  0.0000E+00  0.0000E+00  3.1455E+01  0.0000E+00  1.2054E-01 -2.6819E-01
  2.0000E+00  3.0000E+00  0.0000E+00  0.0000E+00  0.0000E+00  2.6203E+01  0.0000E+00  1.2054E-01  5.9537E-01
  2.0000E+00  6.0000E+00  0.0000E+00  0.0000E+00  0.0000E+00  2.0552E+01  0.0000E+00  1.2054E-01 -1.0383E-01
  2.0000E+00  1.2000E+01  0.0000E+00  0.0000E+00  0.0000E+00  1.3695E+01  0.0000E+00  1.2054E-01  2.5494E-01
  2.0000E+00  2.4000E+01  0.0000E+00  0.0000E+00  0.0000E+00  5.8896E+00  0.0000E+00  1.2054E-01  1.9942E-01
  3.0000E+00  0.0000E+00  1.0000E+00  1.0000E+02  0.0000E+00  0.0000E+00  1.0000E+00  1.3224E-01  6.2995E-01
  3.0000E+00  1.0000E-02  0.0000E+00  0.0000E+00  0.0000E+00  3.2235E+01  0.0000E+00  1.3224E-01  5.1171E-01
  3.0000E+00  3.0000E+00  0.0000E+00  0.0000E+00  0.0000E+00  2.5269E+01  0.0000E+00  1.3224E-01 -2.7361E-01
  3.0000E+00  6.0000E+00  0.0000E+00  0.0000E+00  0.0000E+00  1.9952E+01  0.0000E+00  1.3224E-01 -6.0001E-01
  3.0000E+00  1.2000E+01  0.0000E+00  0.0000E+00  0.0000E+00  1.3272E+01  0.0000E+00  1.3224E-01 -3.3196E-02
  3.0000E+00  2.4000E+01  0.0000E+00  0.0000E+00  0.0000E+00  5.1562E+00  0.0000E+00  1.3224E-01 -4.2005E-01
  4.0000E+00  0.0000E+00  1.0000E+00  1.0000E+02  0.0000E+00  0.0000E+00  1.0000E+00  5.9881E-02  4.5323E-02
  4.0000E+00  1.0000E-02  0.0000E+00  0.0000E+00  0.0000E+00  3.1686E+01  0.0000E+00  5.9881E-02 -3.9134E-02
  4.0000E+00  3.0000E+00  0.0000E+00  0.0000E+00  0.0000E+00  2.5943E+01  0.0000E+00  5.9881E-02  9.0737E-03
  4.0000E+00  6.0000E+00  0.0000E+00  0.0000E+00  0.0000E+00  2.1270E+01  0.0000E+00  5.9881E-02  8.4563E-02
  4.0000E+00  1.2000E+01  0.0000E+00  0.0000E+00  0.0000E+00  1.4098E+01  0.0000E+00  5.9881E-02 -4.0052E-02
  4.0000E+00  2.4000E+01  0.0000E+00  0.0000E+00  0.0000E+00  6.4110E+00  0.0000E+00  5.9881E-02  1.1494E-01
  5.0000E+00  0.0000E+00  1.0000E+00  1.0000E+02  0.0000E+00  0.0000E+00  1.0000E+00  9.0521E-01 -1.8876E-01
  5.0000E+00  1.0000E-02  0.0000E+00  0.0000E+00  0.0000E+00  3.1619E+01  0.0000E+00  9.0521E-01 -7.6978E-02
  5.0000E+00  3.0000E+00  0.0000E+00  0.0000E+00  0.0000E+00  1.9660E+01  0.0000E+00  9.0521E-01 -1.6309E-01
  5.0000E+00  6.0000E+00  0.0000E+00  0.0000E+00  0.0000E+00  1.2007E+01  0.0000E+00  9.0521E-01 -3.7040E-01
  5.0000E+00  1.2000E+01  0.0000E+00  0.0000E+00  0.0000E+00  4.3336E+00  0.0000E+00  9.0521E-01 -4.9228E-01
  5.0000E+00  2.4000E+01  0.0000E+00  0.0000E+00  0.0000E+00  7.8148E-01  0.0000E+00  9.0521E-01  4.7862E-02
  6.0000E+00  0.0000E+00  1.0000E+00  1.0000E+02  0.0000E+00  0.0000E+00  1.0000E+00  1.5810E-01  7.4399E-01
  6.0000E+00  1.0000E-02  0.0000E+00  0.0000E+00  0.0000E+00  3.1504E+01  0.0000E+00  1.5810E-01 -2.1807E-01
  6.0000E+00  3.0000E+00  0.0000E+00  0.0000E+00  0.0000E+00  2.5184E+01  0.0000E+00  1.5810E-01 -2.1422E-01
  6.0000E+00  6.0000E+00  0.0000E+00  0.0000E+00  0.0000E+00  1.9980E+01  0.0000E+00  1.5810E-01 -3.3883E-01
  6.0000E+00  1.2000E+01  0.0000E+00  0.0000E+00  0.0000E+00  1.3110E+01  0.0000E+00  1.5810E-01  1.0418E-01
  6.0000E+00  2.4000E+01  0.0000E+00  0.0000E+00  0.0000E+00  4.9899E+00  0.0000E+00  1.5810E-01 -3.3794E-01
  7.0000E+00  0.0000E+00  1.0000E+00  1.0000E+02  0.0000E+00  0.0000E+00  1.0000E+00 -1.5848E-01 -2.9303E-01
  7.0000E+00  1.0000E-02  0.0000E+00  0.0000E+00  0.0000E+00  3.1715E+01  0.0000E+00 -1.5848E-01 -1.3398E-02
  7.0000E+00  3.0000E+00  0.0000E+00  0.0000E+00  0.0000E+00  2.6630E+01  0.0000E+00 -1.5848E-01 -3.5348E-01
  7.0000E+00  6.0000E+00  0.0000E+00  0.0000E+00  0.0000E+00  2.3094E+01  0.0000E+00 -1.5848E-01  1.5968E-01
  7.0000E+00  1.2000E+01  0.0000E+00  0.0000E+00  0.0000E+00  1.6476E+01  0.0000E+00 -1.5848E-01 -9.2677E-02
  7.0000E+00  2.4000E+01  0.0000E+00  0.0000E+00  0.0000E+00  8.2696E+00  0.0000E+00 -1.5848E-01 -3.7800E-01
  8.0000E+00  0.0000E+00  1.0000E+00  1.0000E+02  0.0000E+00  0.0000E+00  1.0000E+00 -2.1284E-01 -6.5995E-02
  8.0000E+00  1.0000E-02  0.0000E+00  0.0000E+00  0.0000E+00  3.1480E+01  0.0000E+00 -2.1284E-01 -2.4973E-01
  8.0000E+00  3.0000E+00  0.0000E+00  0.0000E+00  0.0000E+00  2.7498E+01  0.0000E+00 -2.1284E-01  2.8208E-01
  8.0000E+00  6.0000E+00  0.0000E+00  0.0000E+00  0.0000E+00  2.3177E+01  0.0000E+00 -2.1284E-01 -1.5596E-01
  8.0000E+00  1.2000E+01  0.0000E+00  0.0000E+00  0.0000E+00  1.7384E+01  0.0000E+00 -2.1284E-01  2.3468E-01
  8.0000E+00  2.4000E+01  0.0000E+00  0.0000E+00  0.0000E+00  9.2173E+00  0.0000E+00 -2.1284E-01 -4.6314E-02
  9.0000E+00  0.0000E+00  1.0000E+00  1.0000E+02  0.0000E+00  0.0000E+00  1.0000E+00  2.7593E-02 -9.7172E-02
  9.0000E+00  1.0000E-02  0.0000E+00  0.0000E+00  0.0000E+00  3.1361E+01  0.0000E+00  2.7593E-02 -3.6391E-01
  9.0000E+00  3.0000E+00  0.0000E+00  0.0000E+00  0.0000E+00  2.5946E+01  0.0000E+00  2.7593E-02 -1.5426E-01
  9.0000E+00  6.0000E+00  0.0000E+00  0.0000E+00  0.0000E+00  2.1672E+01  0.0000E+00  2.7593E-02  2.1309E-01
  9.0000E+00  1.2000E+01  0.0000E+00  0.0000E+00  0.0000E+00  1.4572E+01  0.0000E+00  2.7593E-02  6.6084E-02
  9.0000E+00  2.4000E+01  0.0000E+00  0.0000E+00  0.0000E+00  6.5207E+00  0.0000E+00  2.7593E-02 -1.0749E-01
  1.0000E+01  0.0000E+00  1.0000E+00  1.0000E+02  0.0000E+00  0.0000E+00  1.0000E+00  6.4173E-01  1.1044E-01
  1.0000E+01  1.0000E-02  0.0000E+00  0.0000E+00  0.0000E+00  3.1876E+01  0.0000E+00  6.4173E-01  1.6858E-01
  1.0000E+01  3.0000E+00  0.0000E+00  0.0000E+00  0.0000E+00  2.2372E+01  0.0000E+00  6.4173E-01  2.6509E-01
  1.0000E+01  6.0000E+00  0.0000E+00  0.0000E+00  0.0000E+00  1.5740E+01  0.0000E+00  6.4173E-01  3.4534E-01
  1.0000E+01  1.2000E+01  0.0000E+00  0.0000E+00  0.0000E+00  7.9184E+00  0.0000E+00  6.4173E-01  4.5266E-01
  1.0000E+01  2.4000E+01  0.0000E+00  0.0000E+00  0.0000E+00  1.4866E+00  0.0000E+00  6.4173E-01 -2.6912E-01
