TABLE NO.  1
 ID          TIME        EVID        AMT         RATE        DV          MDV         ETA1        ERR1        CL
  1.0000E+00  0.0000E+00  1.0000E+00  1.0000E+02  0.0000E+00  0.0000E+00  1.0000E+00  1.7390E-01  0.0000E+00  2.9353E-01
  1.0000E+00  1.0000E-02  0.0000E+00  0.0000E+00  0.0000E+00  3.0816E+01  0.0000E+00  1.7390E-01  0.0000E+00  2.9353E-01
  1.0000E+00  3.0000E+00  0.0000E+00  0.0000E+00  0.0000E+00  2.4552E+01  0.0000E+00  1.7390E-01  0.0000E+00  2.9353E-01
  1.0000E+00  6.0000E+00  0.0000E+00  0.0000E+00  0.0000E+00  1.7925E+01  0.0000E+00  1.7390E-01  0.0000E+00  2.9353E-01
  1.0000E+00  1.2000E+01  0.0000E+00  0.0000E+00  0.0000E+00  1.0110E+01  0.0000E+00  1.7390E-01  0.0000E+00  2.9353E-01
  1.0000E+00  2.4000E+01  0.0000E+00  0.0000E+00  0.0000E+00  3.5975E+00  0.0000E+00  1.7390E-01  0.0000E+00  2.9353E-01
  2.0000E+00  0.0000E+00  1.0000E+00  1.0000E+02  0.0000E+00  0.0000E+00  1.0000E+00 -1.1032E-01  0.0000E+00  2.2092E-01
  2.0000E+00  1.0000E-02  0.0000E+00  0.0000E+00  0.0000E+00  3.1455E+01  0.0000E+00 -1.1032E-01  0.0000E+00  2.2092E-01
  2.0000E+00  3.0000E+00  0.0000E+00  0.0000E+00  0.0000E+00  2.6203E+01  0.0000E+00 -1.1032E-01  0.0000E+00  2.2092E-01
  2.0000E+00  6.0000E+00  0.0000E+00  0.0000E+00  0.0000E+00  2.0552E+01  0.0000E+00 -1.1032E-01  0.0000E+00  2.2092E-01
  2.0000E+00  1.2000E+01  0.0000E+00  0.0000E+00  0.0000E+00  1.3695E+01  0.0000E+00 -1.1032E-01  0.0000E+00  2.2092E-01
  2.0000E+00  2.4000E+01  0.0000E+00  0.0000E+00  0.0000E+00  5.8896E+00  0.0000E+00 -1.1032E-01  0.0000E+00  2.2092E-01
  3.0000E+00  0.0000E+00  1.0000E+00  1.0000E+02  0.0000E+00  0.0000E+00  1.0000E+00 -4.3933E-02  0.0000E+00  2.3608E-01
  3.0000E+00  1.0000E-02  0.0000E+00  0.0000E+00  0.0000E+00  3.2235E+01  0.0000E+00 -4.3933E-02  0.0000E+00  2.3608E-01
  3.0000E+00  3.0000E+00  0.0000E+00  0.0000E+00  0.0000E+00  2.5269E+01  0.0000E+00 -4.3933E-02  0.0000E+00  2.3608E-01
  3.0000E+00  6.0000E+00  0.0000E+00  0.0000E+00  0.0000E+00  1.9952E+01  0.0000E+00 -4.3933E-02  0.0000E+00  2.3608E-01
  3.0000E+00  1.2000E+01  0.0000E+00  0.0000E+00  0.0000E+00  1.3272E+01  0.0000E+00 -4.3933E-02  0.0000E+00  2.3608E-01
  3.0000E+00  2.4000E+01  0.0000E+00  0.0000E+00  0.0000E+00  5.1562E+00  0.0000E+00 -4.3933E-02  0.0000E+00  2.3608E-01
  4.0000E+00  0.0000E+00  1.0000E+00  1.0000E+02  0.0000E+00  0.0000E+00  1.0000E+00 -1.5393E-01  0.0000E+00  2.1149E-01
  4.0000E+00  1.0000E-02  0.0000E+00  0.0000E+00  0.0000E+00  3.1686E+01  0.0000E+00 -1.5393E-01  0.0000E+00  2.1149E-01
  4.0000E+00  3.0000E+00  0.0000E+00  0.0000E+00  0.0000E+00  2.5943E+01  0.0000E+00 -1.5393E-01  0.0000E+00  2.1149E-01
  4.0000E+00  6.0000E+00  0.0000E+00  0.0000E+00  0.0000E+00  2.1270E+01  0.0000E+00 -1.5393E-01  0.0000E+00  2.1149E-01
  4.0000E+00  1.2000E+01  0.0000E+00  0.0000E+00  0.0000E+00  1.4098E+01  0.0000E+00 -1.5393E-01  0.0000E+00  2.1149E-01
  4.0000E+00  2.4000E+01  0.0000E+00  0.0000E+00  0.0000E+00  6.4110E+00  0.0000E+00 -1.5393E-01  0.0000E+00  2.1149E-01
  5.0000E+00  0.0000E+00  1.0000E+00  1.0000E+02  0.0000E+00  0.0000E+00  1.0000E+00  7.2575E-01  0.0000E+00  5.0971E-01
  5.0000E+00  1.0000E-02  0.0000E+00  0.0000E+00  0.0000E+00  3.1619E+01  0.0000E+00  7.2575E-01  0.0000E+00  5.0971E-01
  5.0000E+00  3.0000E+00  0.0000E+00  0.0000E+00  0.0000E+00  1.9660E+01  0.0000E+00  7.2575E-01  0.0000E+00  5.0971E-01
  5.0000E+00  6.0000E+00  0.0000E+00  0.0000E+00  0.0000E+00  1.2007E+01  0.0000E+00  7.2575E-01  0.0000E+00  5.0971E-01
  5.0000E+00  1.2000E+01  0.0000E+00  0.0000E+00  0.0000E+00  4.3336E+00  0.0000E+00  7.2575E-01  0.0000E+00  5.0971E-01
  5.0000E+00  2.4000E+01  0.0000E+00  0.0000E+00  0.0000E+00  7.8148E-01  0.0000E+00  7.2575E-01  0.0000E+00  5.0971E-01
  6.0000E+00  0.0000E+00  1.0000E+00  1.0000E+02  0.0000E+00  0.0000E+00  1.0000E+00 -3.3077E-02  0.0000E+00  2.3866E-01
  6.0000E+00  1.0000E-02  0.0000E+00  0.0000E+00  0.0000E+00  3.1504E+01  0.0000E+00 -3.3077E-02  0.0000E+00  2.3866E-01
  6.0000E+00  3.0000E+00  0.0000E+00  0.0000E+00  0.0000E+00  2.5184E+01  0.0000E+00 -3.3077E-02  0.0000E+00  2.3866E-01
  6.0000E+00  6.0000E+00  0.0000E+00  0.0000E+00  0.0000E+00  1.9980E+01  0.0000E+00 -3.3077E-02  0.0000E+00  2.3866E-01
  6.0000E+00  1.2000E+01  0.0000E+00  0.0000E+00  0.0000E+00  1.3110E+01  0.0000E+00 -3.3077E-02  0.0000E+00  2.3866E-01
  6.0000E+00  2.4000E+01  0.0000E+00  0.0000E+00  0.0000E+00  4.9899E+00  0.0000E+00 -3.3077E-02  0.0000E+00  2.3866E-01
  7.0000E+00  0.0000E+00  1.0000E+00  1.0000E+02  0.0000E+00  0.0000E+00  1.0000E+00 -3.4969E-01  0.0000E+00  1.7389E-01
  7.0000E+00  1.0000E-02  0.0000E+00  0.0000E+00  0.0000E+00  3.1715E+01  0.0000E+00 -3.4969E-01  0.0000E+00  1.7389E-01
  7.0000E+00  3.0000E+00  0.0000E+00  0.0000E+00  0.0000E+00  2.6630E+01  0.0000E+00 -3.4969E-01  0.0000E+00  1.7389E-01
  7.0000E+00  6.0000E+00  0.0000E+00  0.0000E+00  0.0000E+00  2.3094E+01  0.0000E+00 -3.4969E-01  0.0000E+00  1.7389E-01
  7.0000E+00  1.2000E+01  0.0000E+00  0.0000E+00  0.0000E+00  1.6476E+01  0.0000E+00 -3.4969E-01  0.0000E+00  1.7389E-01
  7.0000E+00  2.4000E+01  0.0000E+00  0.0000E+00  0.0000E+00  8.2696E+00  0.0000E+00 -3.4969E-01  0.0000E+00  1.7389E-01
  8.0000E+00  0.0000E+00  1.0000E+00  1.0000E+02  0.0000E+00  0.0000E+00  1.0000E+00 -4.2784E-01  0.0000E+00  1.6082E-01
  8.0000E+00  1.0000E-02  0.0000E+00  0.0000E+00  0.0000E+00  3.1480E+01  0.0000E+00 -4.2784E-01  0.0000E+00  1.6082E-01
  8.0000E+00  3.0000E+00  0.0000E+00  0.0000E+00  0.0000E+00  2.7498E+01  0.0000E+00 -4.2784E-01  0.0000E+00  1.6082E-01
  8.0000E+00  6.0000E+00  0.0000E+00  0.0000E+00  0.0000E+00  2.3177E+01  0.0000E+00 -4.2784E-01  0.0000E+00  1.6082E-01
  8.0000E+00  1.2000E+01  0.0000E+00  0.0000E+00  0.0000E+00  1.7384E+01  0.0000E+00 -4.2784E-01  0.0000E+00  1.6082E-01
  8.0000E+00  2.4000E+01  0.0000E+00  0.0000E+00  0.0000E+00  9.2173E+00  0.0000E+00 -4.2784E-01  0.0000E+00  1.6082E-01
  9.0000E+00  0.0000E+00  1.0000E+00  1.0000E+02  0.0000E+00  0.0000E+00  1.0000E+00 -1.8356E-01  0.0000E+00  2.0531E-01
  9.0000E+00  1.0000E-02  0.0000E+00  0.0000E+00  0.0000E+00  3.1361E+01  0.0000E+00 -1.8356E-01  0.0000E+00  2.0531E-01
  9.0000E+00  3.0000E+00  0.0000E+00  0.0000E+00  0.0000E+00  2.5946E+01  0.0000E+00 -1.8356E-01  0.0000E+00  2.0531E-01
  9.0000E+00  6.0000E+00  0.0000E+00  0.0000E+00  0.0000E+00  2.1672E+01  0.0000E+00 -1.8356E-01  0.0000E+00  2.0531E-01
  9.0000E+00  1.2000E+01  0.0000E+00  0.0000E+00  0.0000E+00  1.4572E+01  0.0000E+00 -1.8356E-01  0.0000E+00  2.0531E-01
  9.0000E+00  2.4000E+01  0.0000E+00  0.0000E+00  0.0000E+00  6.5207E+00  0.0000E+00 -1.8356E-01  0.0000E+00  2.0531E-01
  1.0000E+01  0.0000E+00  1.0000E+00  1.0000E+02  0.0000E+00  0.0000E+00  1.0000E+00  4.0251E-01  0.0000E+00  3.6893E-01
  1.0000E+01  1.0000E-02  0.0000E+00  0.0000E+00  0.0000E+00  3.1876E+01  0.0000E+00  4.0251E-01  0.0000E+00  3.6893E-01
  1.0000E+01  3.0000E+00  0.0000E+00  0.0000E+00  0.0000E+00  2.2372E+01  0.0000E+00  4.0251E-01  0.0000E+00  3.6893E-01
  1.0000E+01  6.0000E+00  0.0000E+00  0.0000E+00  0.0000E+00  1.5740E+01  0.0000E+00  4.0251E-01  0.0000E+00  3.6893E-01
  1.0000E+01  1.2000E+01  0.0000E+00  0.0000E+00  0.0000E+00  7.9184E+00  0.0000E+00  4.0251E-01  0.0000E+00  3.6893E-01
  1.0000E+01  2.4000E+01  0.0000E+00  0.0000E+00  0.0000E+00  1.4866E+00  0.0000E+00  4.0251E-01  0.0000E+00  3.6893E-01
